234055
15899
63147
7441
177008
95897
138321
89648
57003
18669
148407
19167
128878
109937
199545
243228
247651
55300
126131
25578
56927
210798
991
125375
107765
205573
160171
20783
227663
142332
55628
138345
6317
140110
218530
114144
176955
227780
247637
236376
196688
40519
121457
196731
49276
50617
82008
16237
94022
35504
8178
141486
249645
196355
41702
109318
105625
239234
141330
204852
164524
216678
120729
135794
101871
77598
10511
69558
128296
226832
42803
185902
22632
211048
79457
183874
178869
38005
190287
29580
218392
226274
72585
214460
220155
117524
143076
144778
220780
52246
117121
171815
40513
112472
57040
129410
87801
124879
156811
91752
46946
21532
24723
7315
153653
235374
100573
183499
125393
230953
191669
105260
242962
159492
160251
191341
54172
190097
223573
157986
201531
143111
190280
126994
34058
225653
65535
217442
2449
219929
179574
68798
130898
85165
17365
241556
236488
77806
138002
57522
1067
229166
44226
232716
77470
30344
58660
91495
100321
98744
238359
172848
12423
184345
82491
124955
35310
82207
151675
202836
186140
106141
123548
160894
10262
228346
243322
165673
226267
129626
94369
169871
128840
228335
210632
137057
182851
236869
94746
79646
14082
20733
205007
54854
116088
71543
228007
149863
60206
191494
32206
148696
38503
13005
157684
27591
61862
249325
15906
219861
144613
102335
107744
31616
238020
7555
230421
156367
180728
100332
140920
194467
48978
2060
217621
18133
14536
1254
162514
175757
79763
209000
80653
57229
182136
17086
103741
101970
223938
235592
3937
90917
88371
182714
238569
153541
1504
12428
100862
217983
185087
142762
62780
241376
244430
28870
76373
229864
36955
94986
165037
62095
114093
90584
213649
141667
121630
39650
10333
164209
167362
179571
203608
51972
155715
189544
228849
119320
145132
122736
49301
90092
223220
243834
53111
175932
15264
116631
104313
231469
140453
111878
209027
53047
2486
98529
66147
235466
181989
143405
35888
31644
172801
231283
212809
148622
191982
150484
108109
126041
162223
183550
136128
213753
51435
154200
45831
229654
117621
233074
8580
169792
170377
27361
94745
138864
189871
11334
236263
242560
239656
27169
81672
155083
32345
134731
68939
207339
93693
229821
227839
27940
174070
123965
80788
124169
239696
2830
25415
122695
224760
33141
243829
105393
144397
30231
67797
231003
99361
75796
149746
184280
105400
153186
222293
166688
115743
181591
211006
142834
114409
132869
228450
235964
104415
159316
4208
221966
168536
230637
100237
47773
136629
174194
75598
168573
168601
128177
168889
78436
54103
169609
48805
201090
155873
194016
38951
15702
89433
215030
32946
188112
143526
230207
213818
144441
155684
222545
141413
27312
98468
45851
9507
202620
89585
128977
182256
49443
157694
76486
215220
48173
41425
222225
14068
155819
88889
187759
73768
186645
47658
92725
32266
196297
219195
15050
233240
149490
44613
240190
205807
248731
41207
45415
10803
182292
235875
133654
130524
17938
31016
88717
135346
163904
184603
16546
232581
33378
210208
33935
129720
228285
132692
131499
223553
97963
102023
45623
129685
191609
99308
87408
91730
241781
245628
177184
118953
51226
23208
121575
241698
167445
37876
187189
42608
230942
107730
153753
128080
20127
83754
203166
68989
189493
74421
19261
42780
172159
69721
92565
134655
69557
61609
200788
148318
69951
220055
136886
11593
181710
119588
32824
26067
20913
246959
196658
229039
231258
87621
122130
4778
118250
218061
118335
210241
106454
203286
43749
30506
203757
77234
43570
35526
249289
65205
174385
69767
74009
175324
246237
233555
186054
58001
225819
48899
185342
3930
175476
231598
70427
17633
154871
89144
95848
27525
154874
126608
26626
69591
3612
50979
128915
127876
130716
58944
29837
227263
213391
126125
143217
81966
37578
106530
28186
9193
169055
155506
48140
7207
85131
72355
70904
61803
88923
245118
51530
188178
244221
100209
38963
178159
69121
60512
232988
52877
52447
106903
86085
120267
147431
77944
206587
18111
98250
123901
12697
67950
40150
7313
129058
120086
214128
40068
92959
164742
46744
97369
190485
199040
127979
58678
103090
26677
65113
163511
19390
81240
872
125720
45005
224740
216030
40426
61652
180404
144131
129736
71902
177820
114342
220686
153493
48749
130479
13328
151366
146641
153098
48324
107457
230491
19332
53788
229170
111051
50522
176051
238255
242820
75250
43065
11130
17513
209152
118433
173299
215137
26568
14954
96212
13708
119424
43457
128297
64190
199404
84012
215431
47378
1039
214935
10947
55719
221053
125040
106502
192508
220154
204023
46595
217
78475
69078
238749
249336
243651
16596
20570
35217
6706
82414
91325
202287
160002
202684
121823
154742
203091
227743
108119
80866
118395
130093
157505
112451
44861
76002
70510
243831
9220
8760
146353
230042
158809
76096
245329
156245
115748
122181
37040
100066
197268
136763
69109
51791
119125
76003
105214
35132
9504
8854
133876
84141
119698
107657
122754
37457
190611
226211
74574
151641
168555
93150
72868
233366
219493
182567
154339
107872
220845
9628
124764
67913
125000
234843
189699
114831
22672
180350
178892
14836
156684
74275
143334
54081
193562
231504
66236
70459
60725
107971
166472
21957
134813
235367
96637
141735
188223
3830
34998
107146
28096
65035
8795
238212
144271
107207
160147
218154
171082
120188
39464
146992
98386
58324
222437
220395
158498
161064
78784
99825
17685
29804
25031
4433
160010
124050
100269
204190
248284
21848
249066
169176
52491
35033
161603
160469
34717
228753
4729
79869
114478
180366
37633
146979
176530
160728
142253
19748
237329
1787
12555
159432
146872
88204
171551
13731
142524
187018
35978
122349
92423
53949
152283
229024
215372
123815
146274
123681
240361
105635
201621
79207
130437
16196
101640
186734
187258
75814
249092
172830
248520
113397
39276
176739
214968
232191
177128
80433
157726
64419
171982
223390
124173
131915
100682
227979
14019
238308
86615
98123
152997
247262
145536
234607
218448
246310
238962
22755
111521
195532
113055
179620
132360
194675
243712
88893
231558
159355
197605
90892
10809
24433
158
149489
115734
160629
96204
114868
22393
203605
65922
9180
153317
56701
130755
84244
129294
132126
5400
127426
35206
85961
91993
154914
63440
238478
193835
29358
216770
185353
166533
215939
8648
194708
191383
132371
231028
61132
21979
3908
99373
23460
116772
249249
15303
80643
56820
187713
69734
126593
219770
145969
89744
190339
245845
107570
180902
209195
121006
233644
216352
173076
19916
10150
90322
22640
9009
78194
148301
147113
40444
18889
38991
35960
178858
109241
93134
114286
38417
166377
52322
69378
18200
225795
32373
249039
126452
173489
121176
234194
143403
189835
172619
108002
98105
63322
242654
200356
49633
