2
3
4
9
10
11
12
13
17
24
25
27
30
31
32
33
34
37
38
39
40
41
42
47
49
55
75
79
81
83
86
89
90
93
98
100
101
102
103
104
108
110
112
117
120
122
124
126
129
130
134
138
139
141
144
147
148
157
158
159
162
166
167
168
169
171
174
178
179
183
184
186
187
192
200
202
203
204
211
212
213
222
223
226
227
233
239
241
244
249
252
254
255
256
257
266
271
274
276
281
293
294
301
304
306
319
320
322
328
329
333
334
336
337
338
341
345
349
358
362
376
377
378
380
385
389
392
394
398
403
405
407
416
417
419
422
425
428
433
434
440
443
444
450
451
461
464
465
476
477
478
479
487
489
490
493
495
499
511
514
525
527
543
549
551
561
563
565
567
570
571
574
576
583
585
586
588
594
595
597
599
602
603
604
605
606
609
611
613
615
620
621
622
634
637
640
645
649
650
651
664
670
671
675
676
679
681
688
690
694
700
704
717
718
721
722
725
726
727
731
734
735
743
748
749
763
775
777
785
797
804
807
817
818
820
821
829
832
840
841
843
845
847
849
850
854
855
858
859
860
862
863
868
876
878
879
880
882
883
888
889
890
898
900
901
902
903
906
910
911
914
917
920
924
925
927
932
938
939
942
946
948
951
952
953
954
958
961
963
964
966
967
973
976
981
983
989
992
993
1004
1006
1016
1019
1022
1026
1031
1033
1035
1037
1038
1048
1049
1052
1053
1062
1063
1066
1067
1073
1074
1076
1080
1083
1084
1085
1095
1098
1100
1101
1108
1111
1118
1124
1125
1126
1127
1129
1131
1134
1135
1138
1141
1150
1153
1155
1158
1162
1164
1169
1170
1175
1178
1179
1180
1185
1190
1192
1194
1198
1200
1202
1213
1224
1252
1255
1257
1260
1265
1266
1274
1275
1276
1278
1279
1281
1286
1290
1291
1295
1296
1297
1298
1300
1301
1304
1314
1316
1321
1322
1324
1329
1338
1339
1340
1342
1343
1344
1345
1346
1348
1349
1350
1352
1354
1358
1370
1372
1380
1391
1393
1396
1413
1414
1423
1425
1427
1432
1433
1437
1439
1440
1447
1467
1471
1476
1477
1479
1480
1485
1489
1496
1497
1501
1503
1508
1509
1513
1516
1517
1519
1520
1521
1523
1524
1528
1530
1532
1533
1534
1536
1537
1542
1545
1547
1548
1549
1551
1552
1554
1555
1557
1559
1560
1561
1563
1564
1573
1578
1579
1582
1584
1586
1588
1590
1591
1593
1595
1606
1607
1614
1623
1624
1627
1629
1631
1633
1634
1635
1636
1638
1642
1643
1651
1655
1657
1658
1664
1670
1673
1675
1676
1677
1680
1681
1684
1685
1687
1688
1692
1698
1699
1702
1703
1709
1713
1714
1715
1716
1718
1727
1729
1731
1736
1743
1744
1745
1748
1751
1756
1762
1771
1773
1774
1775
1777
1779
1785
1786
1787
1788
1791
1795
1804
1805
1808
1812
1815
1816
1817
1818
1819
1820
1822
1823
1825
1826
1827
1828
1829
1831
1832
1833
1835
1837
1842
1844
1846
1850
1851
1854
1857
1859
1860
1861
1865
1868
1876
1878
1879
1880
1883
1884
1892
1893
1896
1901
1902
1903
1906
1907
1913
1917
1922
1924
1925
1929
1930
1932
1933
1934
1935
1936
1937
1938
1939
1944
1946
1949
1950
1951
1953
1954
1955
1956
1959
1961
1962
1963
1964
1965
1967
1969
1972
1973
1975
1977
1980
1982
1983
1984
1986
1987
1989
1990
1991
1994
1996
1997
2001
2002
2003
2005
2008
2016
2017
2018
2021
2025
2026
2027
2028
2033
2036
2038
2040
2042
2043
2046
2049
2050
2051
2052
2053
2054
2055
2056
2057
2058
2059
2060
2061
2062
2063
2064
2065
2066
2067
2069
2070
2071
2072
2075
2076
2077
2082
2084
2085
2086
2089
2090
2091
2092
2093
2094
2096
2099
2100
2101
2104
2105
2106
2107
2112
2115
2116
2119
2121
2122
2124
2125
2128
2129
2131
2134
2135
2136
2137
2139
2141
2146
2150
2152
2156
2157
2159
2166
2168
2169
2171
2172
2173
2176
2177
2187
2188
2189
2191
2193
2194
2195
2197
2199
2203
2206
2207
2208
2211
2212
2214
2215
2216
2219
2221
2223
2225
2226
2232
2235
2237
2240
2245
2246
2248
2251
2258
2259
2260
2261
2262
2263
2268
2274
2276
2282
2285
2286
2288
2290
2291
2292
2293
2294
2295
2296
2298
2299
2300
2301
2302
2304
2306
2308
2310
2311
2313
2314
2317
2323
2326
2327
2328
2330
2331
2332
2334
2335
2336
2337
2339
2340
2345
2346
2348
2349
2351
2353
2355
2357
2358
2360
2361
2362
2364
2366
2367
2369
2370
2373
2374
2376
2377
2378
2379
2381
2382
2383
2385
2388
2389
2390
2391
2392
2394
2396
2397
2401
2407
2408
2409
2410
2419
2421
2426
2427
2431
2432
2433
2435
2436
2437
2438
2439
2448
2449
2452
2457
2461
2462
2464
2465
2467
2468
2470
2471
2473
2474
2476
2477
2478
2480
2481
2486
2487
2488
2489
2493
2494
2497
2501
2503
2506
2508
2509
2512
2513
2515
2516
2517
2518
2519
2520
2522
2524
2527
2528
2529
2531
2532
2534
2535
2541
2542
2548
2549
2550
2551
2557
2559
2560
2563
2566
2567
2569
2570
2571
2572
2573
2575
2576
2578
2579
2580
2581
2583
2584
2585
2587
2589
2590
2591
2592
2595
2598
2599
2600
2604
2606
2607
2608
2610
2611
2613
2615
2619
2620
2622
2623
2624
2626
2628
2629
2630
2633
2634
2635
2636
2637
2642
2643
2645
2648
2649
2651
2652
2654
2655
2656
2657
2660
2662
2663
2664
2665
2666
2668
2669
2672
2673
2674
2675
2676
2678
2679
2683
2684
2686
2687
2688
2689
2690
2691
2693
2695
2696
2698
2699
2700
2701
2704
2706
2708
2709
2712
2713
2716
2718
2719
2721
2722
2723
2725
2726
2730
2731
2735
2736
2738
2741
2742
2743
2744
2745
2746
2747
2749
2753
2754
2755
2761
2767
2769
2776
2777
2779
2782
2783
2784
2785
2787
2790
2791
2792
2793
2796
2797
2799
2801
2802
2803
2805
2811
2812
2814
2815
2816
2818
2819
2820
2821
2822
2824
2827
2828
2829
2834
2839
2842
2844
2847
2848
2849
2850
2852
2854
2855
2856
2858
2859
2860
2861
2862
2863
2864
2865
2869
2870
2875
2876
2878
2879
2881
2882
2884
2886
2887
2888
2891
2892
2893
2894
2895
2896
2897
2900
2901
2902
2903
2904
2905
2906
2910
2913
2931
2935
2936
2937
2941
2942
2944
2945
2947
2948
2949
2954
2958
2961
2963
2964
2972
2973
2974
2975
2979
2980
2981
2985
2988
2989
2990
2993
2994
2996
2997
2998
2999
3001
3005
3006
3007
3008
3009
3010
3011
3015
3016
3017
3018
3020
3021
3022
3023
3024
3026
3027
3029
3032
3033
3034
3035
3036
3037
3038
3039
3042
3044
3049
3050
3051
3059
3060
3063
3066
3068
3070
3071
3073
3074
3078
3079
3081
3083
3084
3085
3086
3087
3088
3089
3092
3094
3095
3097
3098
3099
3100
3101
3102
3103
3104
3105
3106
3107
3108
3109
3110
3111
3112
3113
3114
3115
3116
3117
3118
3119
3121
3122
3123
3124
3125
3127
3128
3129
3130
3131
3132
3133
3134
3135
3138
3141
3143
3148
3151
3152
3154
3156
3158
3159
3160
3161
3168
3170
3171
3173
3174
3175
3176
3178
3180
3181
3182
3185
3186
3187
3197
3204
3205
3206
3207
3208
3210
3211
3212
3217
3222
3223
3225
3226
3227
3229
3232
3233
3240
3241
3243
3244
3245
3247
3249
3250
3253
3254
3257
3258
3261
3262
3263
3265
3266
3267
3269
3273
3274
3278
3280
3281
3283
3287
3288
3291
3293
3294
3297
3298
3299
3300
3301
3302
3307
3308
3310
3311
3312
3313
3314
3317
3321
3324
3325
3326
3327
3329
3330
3332
3333
3334
3341
3342
3343
3344
3345
3346
3348
3349
3351
3352
3353
3355
3358
3359
3366
3367
3372
3373
3377
3380
3383
3384
3386
3387
3388
3389
3390
3391
3392
3393
3394
3395
3396
3399
3400
3403
3405
3406
3407
3410
3411
3412
3414
3415
3416
3418
3419
3420
3421
3424
3427
3428
3429
3431
3434
3435
3436
3437
3439
3441
3443
3449
3454
3455
3456
3458
3459
3460
3461
3462
3463
3464
3466
3467
3468
3469
3470
3471
3472
3475
3476
3479
3486
3489
3491
3494
3495
3496
3498
3499
3500
3501
3502
3503
3504
3505
3506
3507
3508
3509
3510
3512
3514
3515
3520
3521
3523
3524
3525
3527
3528
3530
3532
3537
3539
3540
3545
3547
3548
3551
3552
3554
3558
3559
3561
3564
3566
3567
3568
3569
3570
3571
3573
3574
3575
3577
3578
3579
3580
3581
3583
3584
3585
3587
3591
3592
3593
3594
3596
3598
3599
3600
3601
3604
3608
3609
3614
3615
3616
3620
3624
3625
3626
3630
3636
3637
3638
3639
3640
3642
3644
3645
3649
3650
3653
3654
3656
3660
3661
3665
3666
3668
3669
3670
3671
3672
3674
3677
3679
3680
3681
3683
3687
3688
3689
3690
3691
3693
3694
3695
3696
3697
3698
3700
3701
3704
3705
3708
3709
3712
3715
3716
3717
3721
3723
3725
3726
3727
3729
3730
3731
3734
3737
3738
3739
3745
3746
3748
3749
3750
3751
3755
3757
3758
3759
3761
3762
3765
3773
3776
3779
3780
3781
3784
3785
3788
3789
3790
3791
3803
3805
3807
3808
3809
3810
3811
3812
3813
3814
3815
3817
3819
3820
3822
3823
3824
3825
3826
3827
3828
3829
3830
3831
3832
3834
3836
3837
3839
3840
3841
3842
3843
3844
3845
3846
3847
3851
3855
3856
3859
3864
3865
3867
3868
3870
3871
3872
3876
3877
3878
3879
3880
3881
3882
3883
3885
3887
3890
3891
3895
3896
3898
3899
3901
3902
3907
3908
3910
3912
3913
3916
3919
3920
3922
3923
3925
3928
3929
3930
3931
3932
3933
3934
3940
3941
3945
3946
3948
3949
3950
3952
3953
3954
3955
3956
3957
3959
3960
3961
3962
3963
3964
3966
3967
3968
3969
3971
3972
3973
3974
3975
3976
3977
3978
3981
3982
3985
3986
3987
3989
3991
3992
3997
3998
4000
4001
4002
4003
4004
4006
4008
4009
4010
4011
4012
4014
4016
4018
4019
4020
4022
4023
4024
4025
4026
4027
4028
4031
4032
4034
4035
4037
4038
4039
4040
4042
4045
4048
4049
4051
4052
4053
4054
4056
4057
4058
4062
4063
4064
4066
4068
4070
4073
4075
4076
4079
4080
4081
4082
4083
4085
4086
4087
4088
4090
4092
4094
4095
4096
4099
4103
4104
4106
4107
4109
4110
4111
4112
4118
4119
4120
4121
4122
4127
4128
4129
4131
4134
4135
4137
4138
4139
4142
4145
4146
4148
4149
4151
4152
4155
4156
4157
4159
4160
4162
4165
4166
4167
4168
4170
4171
4172
4173
4175
4176
4178
4179
4180
4184
4185
4188
4190
4191
4192
4193
4196
4197
4199
4200
4201
4202
4205
4206
4208
4209
4210
4211
4212
4213
4214
4215
4220
4221
4222
4223
4224
4225
4226
4227
4228
4230
4232
4233
4234
4237
4241
4243
4245
4246
4247
4248
4249
4252
4253
4254
4259
4261
4262
4263
4264
4267
4268
4272
4273
4275
4276
4277
4280
4281
4282
4283
4285
4286
4287
4290
4292
4293
4294
4296
4297
4298
4303
4304
4305
4312
4315
4316
4328
4329
4330
4331
4332
4334
4336
4337
4339
4344
4345
4346
4350
4351
4352
4353
4355
4361
4364
4365
4366
4367
4369
4370
4374
4375
4376
4378
4379
4380
4381
4382
4385
4386
4391
4393
4395
4396
4397
4398
4399
4402
4404
4407
4408
4413
4418
4419
4420
4422
4423
4427
4438
4441
4445
4447
4449
4451
4452
4457
4458
4459
4460
4461
4463
4465
4467
4468
4469
4471
4473
4474
4475
4476
4478
4479
4480
4481
4484
4485
4486
4487
4488
4489
4492
4495
4496
4497
4498
4499
4501
4502
4504
4505
4510
4513
4515
4518
4519
4520
4524
4525
4527
4528
4529
4530
4532
4533
4534
4535
4537
4539
4540
4541
4542
4544
4546
4553
4554
4555
4556
4557
4558
4560
4563
4565
4567
4568
4569
4573
4574
4575
4576
4578
4579
4580
4581
4582
4584
4585
4586
4588
4591
4592
4593
4594
4597
4604
4610
4611
4613
4616
4617
4618
4620
4622
4623
4624
4625
4626
4627
4628
4630
4631
4633
4636
4637
4638
4639
4640
4642
4643
4647
4648
4651
4654
4656
4657
4658
4659
4661
4662
4663
4664
4670
4671
4675
4676
4677
4684
4689
4690
4691
4693
4694
4701
4702
4703
4705
4706
4707
4708
4711
4712
4714
4717
4719
4720
4721
4722
4725
4727
4728
4729
4730
4731
4732
4733
4736
4739
4740
4741
4742
4743
4747
4748
4753
4754
4756
4760
4761
4768
4770
4772
4773
4775
4777
4779
4783
4785
4786
4788
4790
4791
4792
4793
4795
4797
4798
4799
4800
4801
4802
4803
4804
4805
4808
4813
4816
4819
4822
4824
4825
4827
4828
4829
4830
4831
4832
4834
4835
4836
4837
4838
4840
4841
4842
4844
4845
4850
4851
4853
4854
4855
4857
4859
4863
4864
4865
4869
4870
4871
4872
4873
4874
4876
4878
4880
4882
4886
4887
4890
4891
4893
4894
4895
4896
4897
4899
4900
4902
4910
4912
4916
4919
4920
4926
4927
4928
4929
4930
4931
4934
4935
4936
4937
4940
4941
4942
4944
4946
4948
4949
4950
4951
4953
4955
4956
4957
4958
4959
4960
4961
4962
4964
4965
4968
4969
4971
4972
4975
4977
4978
4979
4980
4983
4984
4985
4986
4987
4988
4989
4990
4992
4993
4996
4997
4998
4999
5000
5001
5002
5003
5004
5005
5006
5008
5009
5010
5011
5013
5014
5015
5032
5033
5034
5035
5039
5043
5047
5048
5050
5051
5052
5053
5055
5056
5057
5059
5060
5061
5062
5064
5068
5069
5070
5071
5072
5075
5077
5079
5081
5084
5086
5087
5089
5092
5093
5101
5108
5109
5110
5117
5118
5119
5120
5121
5122
5123
5124
5125
5127
5128
5129
5130
5131
5132
5133
5134
5135
5138
5141
5142
5143
5146
5154
5155
5160
5162
5163
5166
5168
5170
5171
5172
5175
5177
5178
5179
5180
5181
5182
5183
5186
5188
5190
5194
5195
5196
5198
5199
5200
5201
5202
5203
5204
5206
5207
5210
5211
5212
5214
5215
5219
5220
5222
5223
5224
5225
5235
5243
5244
5248
5250
5253
5255
5258
5261
5265
5268
5274
5278
5280
5283
5286
5287
5288
5289
5290
5291
5292
5294
5297
5298
5300
5302
5304
5307
5310
5311
5312
5313
5316
5317
5319
5320
5321
5322
5323
5324
5325
5329
5331
5332
5333
5334
5335
5336
5337
5338
5339
5340
5341
5342
5343
5346
5347
5348
5349
5350
5352
5355
5356
5357
5358
5361
5362
5363
5364
5367
5368
5369
5376
5377
5378
5379
5380
5381
5382
5391
5395
5399
5400
5401
5402
5403
5405
5409
5410
5411
5412
5413
5414
5416
5417
5418
5419
5420
5421
5422
5423
5424
5438
5443
5444
5446
5448
5450
5456
5457
5460
5461
5462
5464
5465
5466
5468
5471
5472
5479
5480
5482
5486
5489
5490
5493
5497
5498
5502
5503
5504
5505
5506
5507
5511
5512
5516
5517
5523
5526
5530
5532
5533
5535
5537
5539
5541
5542
5543
5544
5545
5548
5549
5550
5551
5552
5553
5554
5556
5557
5560
5561
5565
5567
5572
5574
5576
5577
5578
5580
5582
5583
5584
5585
5586
5587
5588
5589
5590
5591
5592
5593
5595
5599
5600
5602
5606
5612
5615
5616
5617
5618
5619
5620
5621
5625
5626
5627
5631
5634
5635
5636
5638
5641
5642
5643
5644
5645
5646
5649
5652
5653
5655
5656
5659
5661
5662
5663
5667
5668
5669
5672
5673
5674
5678
5679
5684
5686
5689
5690
5691
5694
5697
5698
5700
5702
5703
5704
5705
5707
5711
5712
5713
5714
5717
5719
5720
5728
5729
5730
5734
5743
5744
5745
5747
5750
5753
5756
5757
5759
5760
5761
5762
5765
5767
5768
5769
5772
5774
5775
5777
5778
5780
5781
5783
5784
5785
5786
5796
5800
5801
5803
5805
5812
5813
5814
5817
5818
5820
5821
5822
5823
5824
5825
5829
5833
5835
5838
5839
5840
5841
5842
5846
5849
5853
5858
5860
5862
5863
5865
5866
5871
5873
5876
5877
5878
5879
5880
5881
5884
5885
5886
5887
5890
5891
5892
5893
5894
5913
5914
5915
5918
5919
5920
5923
5925
5927
5929
5931
5933
5934
5935
5937
5945
5946
5948
5951
5952
5953
5957
5961
5965
5966
5967
5970
5971
5972
5976
5977
5980
5985
5988
5989
5990
5993
5994
6001
6002
6003
6004
6008
6009
6011
6014
6015
6016
6022
6023
6024
6025
6026
6027
6029
6030
6031
6032
6034
6035
6036
6037
6038
6039
6042
6044
6047
6048
6049
6050
6051
6052
6053
6054
6056
6057
6059
6060
6061
6062
6063
6065
6071
6072
6073
6075
6076
6078
6081
6082
6083
6085
6086
6089
6090
6091
6093
6094
6095
6096
6097
6102
6104
6106
6107
6108
6109
6110
6111
6113
6114
6117
6118
6119
6120
6123
6129
6131
6132
6134
6137
6138
6141
6143
6145
6146
6147
6148
6149
6155
6156
6157
6158
6159
6160
6161
6162
6163
6164
6171
6172
6174
6175
6177
6181
6182
6183
6184
6185
6186
6187
6188
6189
6191
6192
6193
6196
6197
6198
6199
6200
6201
6204
6206
6209
6210
6212
6213
6214
6215
6216
6217
6219
6221
6224
6225
6226
6227
6230
6231
6232
6238
6239
6240
6242
6243
6247
6250
6251
6252
6253
6254
6260
6262
6264
6266
6268
6269
6270
6271
6273
6274
6275
6276
6277
6278
6280
6284
6285
6288
6290
6291
6294
6296
6297
6301
6306
6307
6308
6309
6310
6311
6312
6315
6316
6317
6320
6321
6322
6325
6327
6331
6332
6333
6335
6338
6339
6342
6343
6344
6345
6346
6348
6352
6353
6356
6359
6362
6363
6366
6368
6370
6372
6374
6378
6379
6380
6381
6382
6383
6384
6388
6390
6392
6394
6395
6396
6397
6398
6399
6402
6405
6406
6407
6408
6410
6411
6415
6417
6418
6419
6420
6422
6423
6424
6425
6426
6428
6430
6431
6433
6434
6435
6436
6437
6438
6441
6444
6445
6446
6448
6454
6458
6459
6460
6461
6464
6465
6467
6470
6471
6473
6475
6476
6477
6478
6479
6480
6481
6482
6483
6484
6485
6488
6489
6490
6491
6492
6493
6495
6497
6499
6501
6502
6504
6507
6508
6509
6510
6511
6513
6514
6515
6518
6520
6522
6527
6529
6530
6532
6533
6534
6536
6538
6539
6544
6545
6546
6547
6548
6550
6552
6553
6555
6557
6558
6559
6560
6562
6563
6564
6565
6566
6567
6568
6569
6570
6572
6574
6575
6579
6580
6584
6585
6586
6591
6592
6594
6598
6599
6601
6603
6607
6609
6611
6613
6614
6615
6617
6618
6620
6623
6624
6626
6628
6629
6630
6631
6632
6633
6635
6637
6638
6639
6640
6643
6645
6646
6647
6648
6650
6651
6652
6653
6654
6655
6656
6657
6658
6660
6661
6663
6664
6666
6667
6671
6672
6673
6674
6675
6676
6677
6678
6679
6680
6681
6682
6683
6684
6685
6686
6687
6688
6689
6690
6692
6693
6694
6695
6696
6697
6698
6699
6700
6701
6702
6706
6710
6712
6716
6720
6721
6722
6724
6725
6727
6728
6729
6730
6737
6740
6742
6744
6745
6747
6749
6750
6751
6753
6755
6756
6757
6758
6759
6760
6761
6765
6767
6768
6769
6770
6773
6775
6777
6778
6780
6785
6786
6789
6790
6792
6793
6794
6795
6796
6798
6801
6802
6804
6806
6807
6808
6809
6810
6814
6816
6822
6823
6824
6826
6827
6830
6831
6832
6834
6836
6838
6839
6844
6845
6846
6848
6850
6851
6852
6853
6854
6856
6858
6859
6861
6862
6864
6867
6869
6870
6873
6874
6875
6876
6877
6878
6879
6880
6881
6886
6889
6890
6895
6900
6901
6902
6903
6904
6908
6909
6911
6912
6914
6915
6916
6918
6919
6922
6925
6928
6929
6933
6939
6943
6944
6946
6947
6948
6949
6951
6953
6954
6955
6958
6959
6960
6961
6966
6967
6968
6970
6973
6974
6976
6977
6978
6979
6981
6983
6984
6986
6987
6990
6992
6994
6995
6999
7001
7002
7003
7004
7005
7009
7010
7011
7012
7013
7014
7017
7018
7020
7021
7022
7026
7028
7031
7032
7036
7038
7039
7041
7045
7047
7049
7051
7053
7054
7055
7056
7061
7063
7064
7065
7066
7067
7068
7069
7073
7075
7078
7079
7080
7081
7087
7088
7090
7091
7092
7095
7096
7097
7099
7101
7102
7106
7108
7111
7112
7113
7114
7116
7117
7118
7119
7120
7121
7122
7124
7126
7131
7133
7134
7137
7139
7141
7142
7144
7145
7146
7148
7152
7153
7157
7158
7159
7160
7162
7164
7165
7166
7167
7169
7174
7179
7180
7184
7185
7186
7189
7193
7195
7197
7198
7199
7200
7201
7202
7205
7207
7209
7211
7212
7213
7215
7217
7218
7220
7221
7224
7231
7232
7233
7234
7235
7236
7238
7239
7240
7242
7243
7244
7249
7251
7253
7258
7259
7260
7261
7262
7268
7274
7277
7280
7281
7282
7284
7285
7286
7288
7289
7293
7296
7298
7299
7301
7304
7307
7308
7309
7310
7314
7315
7317
7318
7319
7321
7324
7327
7328
7329
7330
7331
7332
7333
7334
7335
7337
7338
7339
7341
7346
7347
7349
7350
7352
7353
7354
7355
7356
7357
7359
7361
7362
7365
7366
7367
7368
7370
7373
7376
7379
7381
7382
7383
7384
7387
7388
7390
7391
7395
7398
7399
7400
7401
7403
7404
7405
7407
7410
7411
7413
7415
7416
7418
7419
7420
7422
7423
7424
7428
7430
7432
7433
7434
7436
7438
7442
7443
7445
7450
7451
7454
7455
7457
7458
7463
7464
7467
7468
7470
7474
7477
7478
7479
7480
7488
7490
7491
7492
7493
7495
7496
7497
7499
7500
7501
7502
7503
7508
7515
7516
7517
7518
7523
7524
7525
7526
7527
7529
7532
7537
7538
7539
7540
7541
7542
7543
7545
7547
7549
7550
7551
7552
7553
7554
7555
7558
7559
7561
7562
7564
7565
7566
7567
7568
7569
7570
7575
7579
7581
7582
7583
7585
7586
7587
7590
7593
7594
7595
7596
7598
7599
7601
7602
7607
7612
7613
7616
7620
7621
7624
7625
7626
7627
7628
7630
7632
7633
7635
7636
7639
7640
7641
7642
7643
7644
7649
7650
7651
7652
7653
7654
7656
7658
7659
7661
7662
7663
7664
7665
7668
7671
7673
7674
7678
7680
7681
7682
7684
7690
7692
7696
7697
7698
7699
7700
7701
7702
7703
7705
7707
7709
7710
7714
7718
7722
7723
7725
7727
7729
7730
7731
7732
7733
7734
7735
7736
7737
7738
7739
7740
7741
7742
7745
7746
7748
7751
7752
7754
7757
7759
7760
7761
7762
7764
7765
7766
7768
7770
7773
7774
7776
7777
7778
7779
7780
7781
7782
7785
7786
7787
7788
7791
7792
7795
7796
7797
7800
7804
7806
7808
7810
7822
7823
7827
7830
7831
7832
7834
7835
7840
7844
7845
7846
7850
7853
7854
7855
7856
7858
7861
7862
7865
7867
7869
7871
7874
7875
7876
7877
7879
7880
7881
7884
7886
7889
7898
7901
7902
7904
7906
7907
7908
7910
7912
7913
7914
7915
7916
7919
7920
7922
7925
7926
7928
7932
7934
7942
7943
7944
7946
7947
7951
7952
7953
7954
7955
7957
7959
7960
7965
7966
7969
7972
7974
7975
7976
7978
7979
7980
7982
7983
7984
7987
7993
7997
8002
8003
8004
8007
8010
8014
8015
8018
8019
8020
8023
8024
8025
8027
8028
8030
8031
8032
8033
8034
8035
8037
8038
8040
8052
8058
8059
8060
8062
8063
8065
8068
8069
8071
8074
8075
8076
8079
8080
8084
8085
8088
8090
8092
8094
8095
8096
8097
8099
8102
8104
8105
8107
8108
8109
10015
10018
10021
10042
10045
10051
10057
10060
10063
10066
10069
10072
10078
10081
10090
10105
10108
10120
10129
10135
10141
10144
10147
10153
10159
10162
10165
10171
10174
10177
10183
10189
10213
10222
10228
10231
10243
10246
10252
10255
10264
10306
10309
10315
10318
10324
10327
10330
10339
10345
10348
10351
10354
10357
10363
10366
10369
10372
10378
10381
10384
10408
10414
10417
10420
10423
10426
10429
10432
10435
10444
10447
10450
10456
10465
10471
10477
10480
10483
10486
10489
10492
10495
10498
10504
10507
10510
10522
10534
10537
10546
10552
10558
10564
10567
10570
10576
10579
10585
10594
10600
10612
10615
10621
10624
10627
10633
10636
10639
10642
10648
10654
10657
10660
10663
10666
10669
10678
10681
10684
10687
10693
10696
10699
10702
10705
10708
10711
10717
10723
10726
10732
10738
10741
10744
10759
10765
10768
10774
10777
10780
10798
10801
10804
10807
10816
10819
10825
10831
10840
10849
10852
10855
10858
10861
10867
10870
10873
10876
10879
10882
10885
10888
10891
10897
10900
10903
10906
10915
10918
10921
10930
10939
10948
10966
10969
10972
10981
10984
10996
10999
11002
11005
11011
11023
11035
11038
11050
11056
11062
11065
11068
11074
11077
11080
11083
11092
11095
11104
11107
11110
11113
11116
11122
11125
11128
11131
11134
11137
11140
11143
11146
11149
11152
11161
11170
11176
11182
11188
11191
11197
11200
11203
11206
11212
11215
11218
11221
11224
11233
11242
11245
11248
11251
11257
11263
11266
11269
11272
11275
11278
11281
11284
11287
11299
11317
11323
11326
11332
11335
11338
11341
11356
11359
11362
11365
11368
11380
11383
11389
11392
11404
11410
11413
11419
11425
11431
11434
11437
11440
11449
11452
11455
11467
11470
11473
11488
11494
11497
11500
11503
11506
11527
11530
11533
11536
11548
11551
11557
11560
11563
11578
11581
11599
11602
11608
11611
11620
11626
11629
11632
11635
11647
11650
11653
11656
11659
11662
11665
11668
11671
11674
11677
11683
11686
11692
11695
11698
11701
11704
11710
11713
11722
11725
11728
11731
11734
11737
11740
11743
11746
11749
11758
11764
11770
11773
11785
11788
11794
11797
11806
11809
11815
11830
11833
11836
11839
11842
11851
11857
11860
11863
11866
11872
11875
11878
11881
11884
11887
11890
11893
11896
11899
11902
11905
11908
11911
11917
11920
11932
11938
11941
11944
11956
11959
11965
11974
11986
11992
11998
12004
12007
12010
12013
12019
12022
12028
12034
12037
12040
12043
12046
12049
12064
12073
12076
12079
12088
12094
12100
12103
12106
12109
12112
12115
12130
12133
12178
12181
12187
12196
12202
12205
12208
12226
12229
12232
12235
12253
12256
12259
12271
12286
12289
12295
12298
12301
12304
12313
12316
12319
12322
12325
12328
12331
12340
12343
12349
12355
12358
12361
12364
12370
12373
12376
12379
12382
12388
12394
12397
12406
12409
12412
12418
12427
12433
12439
12451
12454
12457
12460
12463
12466
12472
12478
12481
12484
12487
12490
12493
12517
12523
12526
12529
12532
12535
12538
12541
12544
12550
12556
12559
12565
12571
12577
12580
12583
12586
12589
12592
12601
12604
12610
12613
12616
12637
12640
12643
12646
12649
12661
12676
12679
12682
12691
12706
12709
12712
12715
12718
12724
12727
12730
12733
12736
12739
12742
12748
12751
12763
12766
12769
12772
12775
12778
12781
12784
12793
12796
12802
12808
12811
12814
12817
12820
12829
12838
12841
12847
12853
12859
12862
12868
12871
12874
12883
12886
12895
12898
12901
12907
12913
12928
12931
12934
12943
12949
12955
12958
12961
12976
12982
12988
12994
12997
13000
13006
13009
13012
13018
13033
13036
13042
13048
13051
13054
13057
13063
13069
13075
13084
13087
13090
13099
13102
13105
13108
13114
13129
13135
13144
13147
13150
13153
13165
13168
13177
13180
13195
13198
13222
13225
13231
13246
13252
13255
13258
13261
13267
13270
13273
13276
13279
13282
13288
13297
13300
13303
13318
13327
13330
13336
13339
13342
13345
13348
13351
13354
13357
13360
13363
13366
13369
13372
13375
13378
13381
13384
13387
13390
13393
13399
13402
13405
13414
13417
13423
13429
13432
13444
13450
13453
13456
13462
13468
13474
13480
13483
13486
13492
13495
13501
13504
13507
13519
13522
13528
13531
13534
13537
13540
13549
13555
13558
13561
13567
13570
13576
13585
13588
13591
13600
13603
13606
13609
13615
13618
13627
13633
13636
13639
13642
13645
13651
13654
13657
13660
13663
13666
13675
13681
13690
13693
13696
13702
13705
13711
13717
13723
13726
13741
13744
13750
13753
13774
13783
13789
13792
13801
13810
13813
13819
13822
13825
13837
13840
13843
13846
13849
13852
13858
13864
13867
13870
13876
13879
13882
13885
13888
13891
13894
13903
13906
13909
13921
13933
13936
13939
13942
13945
13948
13951
13954
13963
13966
13969
13972
13975
13978
13981
13984
13987
13990
13993
13996
13999
14011
14014
14017
14020
14023
14026
14038
14044
14047
14050
14056
14059
14068
14074
14077
14083
14086
14092
14098
14104
14113
14116
14125
14128
14134
14137
14140
14143
14146
14149
14155
14158
14176
14179
14188
14191
14194
14218
14224
14227
14230
14233
14236
14239
14248
14251
14260
14263
14272
14275
14278
14281
14293
14296
14317
14320
14326
14329
14332
14335
14338
14341
14344
14347
14353
14356
14359
14362
14368
14371
14380
14389
14395
14398
14410
14413
14422
14425
14428
14434
14437
14443
14446
14449
14452
14455
14458
14461
14464
14470
14485
14488
14494
14497
14506
14509
14518
14521
14527
14530
14533
14536
14539
14542
14545
14572
14575
14578
14584
14587
14590
14593
14602
14605
14608
14611
14614
14620
14623
14626
14629
14632
14635
14638
14644
14647
14650
14656
14659
14662
14665
14668
14671
14677
14680
14689
14713
14719
14722
14734
14743
14749
14755
14773
14785
14788
14806
14812
14818
14821
14824
14833
14839
14842
14848
14851
14860
14863
14869
14875
14878
14881
14887
14890
14893
14896
14902
14905
14908
14911
14914
14923
14935
14938
14941
14947
14956
14962
14965
14968
14971
14977
14980
14989
14992
14995
15001
15004
15007
15013
15019
15022
15031
15037
15040
15046
15049
15052
15055
15058
15061
15064
15067
15070
15073
15076
15079
15082
15085
15088
15091
15094
15097
15100
15103
15106
15109
15112
15115
15118
15121
15124
15127
15130
15133
15136
15139
15142
15145
15148
15154
15157
15160
15163
15166
15169
15175
15178
15184
15187
15190
15193
15196
15199
15202
15214
15217
15220
15229
15232
15238
15244
15256
15259
15268
15274
15277
15280
15286
15289
15292
15295
15304
15307
15310
15313
15322
15328
15331
15340
15346
15355
15367
15376
15388
15394
15397
15403
15406
15409
15412
15415
15418
15421
15424
15430
15433
15436
15439
15442
15445
15448
15451
15457
15463
15469
15475
15478
15493
15502
15505
15508
15514
15520
15523
15526
15532
15550
15553
15556
15559
15565
15577
15580
15583
15586
15589
15592
15634
15637
15643
15664
15667
15670
15673
15676
15679
15682
15688
15691
15694
15703
15706
15709
15715
15724
15727
15736
15739
15745
15748
15751
15754
15757
15760
15763
15766
15769
15772
15775
15778
15781
15796
15799
15802
15805
15808
15811
15814
15820
15823
15835
15838
15841
15844
15847
15853
15856
15862
15865
15871
15874
15877
15880
15883
15889
15895
15898
15904
15907
15910
15913
15919
15922
15928
15934
15937
15946
15952
15955
15958
15964
15967
15970
15976
15982
15985
15988
15991
15994
16000
16003
16009
16015
16018
16021
16030
16033
16036
16042
16054
16057
16060
16063
16066
16069
16072
16075
16084
16090
16096
16102
16111
16114
16117
16120
16123
16126
16129
16132
16138
16141
16144
16159
16165
16168
16171
16174
16177
16180
16183
16186
16189
16192
16195
16198
16201
16204
16219
16222
16225
16228
16231
16234
16237
16243
16273
16276
16285
16291
16294
16297
16300
16303
16306
16309
16312
16318
16321
16324
16327
16330
16333
16336
16348
16351
16354
16369
16381
16384
16390
16393
16396
16399
16402
16414
16417
16420
16444
16450
16459
16462
16465
16468
16471
16474
16483
16489
16492
16507
16513
16516
16519
16522
16525
16528
16540
16546
16549
16564
16567
16570
16576
16579
16600
16603
16609
16615
16618
16621
16630
16639
16642
16648
16651
16657
16660
16663
16666
16678
16681
16684
16705
16711
16714
16720
16723
16738
16747
16750
16753
16756
16759
16765
16771
16774
16777
16780
16783
16786
16789
16792
16795
16801
16804
16810
16813
16819
16822
16828
16831
16834
16837
16840
16843
16846
16858
16861
16864
16867
16873
16891
16894
16900
16906
16909
16912
16915
16918
16927
16930
16933
16936
16939
16942
16945
16948
16957
16960
16963
16975
16978
16981
16987
16990
16996
17002
17008
17011
17014
17017
17026
17032
17035
17038
17044
17047
17053
17059
17062
17065
17068
17071
17074
17077
17080
17095
17098
17101
17104
17110
17116
17119
17122
17125
17128
17143
17146
17158
17161
17167
17179
17182
17188
17191
17194
17197
17203
17206
17209
17212
17224
17233
17236
17239
17245
17254
17257
17266
17269
17272
17275
17278
17281
17284
17287
17290
17293
17296
17302
17311
17314
17317
17320
17323
17329
17332
17335
17341
17344
17350
17368
17374
17380
17386
17389
17395
17398
17401
17410
17413
17416
17428
17431
17434
17437
17440
17443
17446
17452
17455
17458
17461
17464
17467
17470
17473
17476
17485
17503
17506
17509
17512
17515
17518
17524
17530
17542
17545
17548
17554
17557
17563
17566
17569
17572
17578
17581
17584
17587
17590
17596
17599
17602
17605
17608
17611
17614
17617
17620
17629
17644
17647
17650
17656
17662
17665
17668
17671
17680
17683
17686
17689
17692
17698
17701
17704
17707
17713
17716
17740
17743
17746
17749
17752
17755
17758
17761
17764
17767
17770
17773
17776
17782
17785
17788
17794
17797
17800
17812
17818
17821
17839
17851
17854
17860
17866
17869
17872
17884
17887
17890
17893
17905
17908
17926
17932
17935
17938
17944
17947
17950
17953
17956
17965
17971
17974
17977
17980
17983
17986
17989
17992
17998
18004
18007
18010
18013
18016
18019
18022
18025
18037
18043
18046
18049
18064
18067
18070
18073
18079
18085
18091
18094
18097
18106
18109
18118
18121
18124
18130
18133
18142
18145
18169
18172
18175
18181
18196
18208
18217
18220
18223
18226
18229
18232
18235
18238
18244
18256
18259
18262
18265
18280
18283
18289
18292
18298
18304
18310
18313
18316
18322
18328
18331
18334
18337
18340
18343
18346
18352
18358
18361
18364
18367
18373
18376
18379
18382
18385
18394
18397
18400
18403
18406
18418
18421
18424
18430
18439
18442
18448
18451
18454
18457
18463
18469
18478
18481
18484
18487
18490
18493
18496
18499
18502
18505
18508
18511
18517
18526
18529
18535
18538
18541
18547
18559
18562
18565
18571
18580
18586
18589
18592
18595
18604
18607
18610
18613
18616
18622
18625
18628
18640
18646
18652
18667
18676
18682
18685
18688
18691
18694
18706
18709
18712
18715
18718
18724
18727
18730
18736
18742
18745
18748
18751
18757
18760
18766
18778
18781
18784
18790
18793
18796
18805
18808
18811
18814
18826
18829
18832
18838
18841
18847
18850
18853
18856
18859
18862
18865
18868
18874
18877
18880
18886
18889
18892
18895
18898
18904
18907
18910
18922
18925
18928
18931
18946
18949
18952
18958
18961
18964
18970
18973
18976
18979
18982
18985
18991
18994
19003
19006
19012
19015
19018
19021
19030
19033
19036
19042
19045
19048
19051
19054
19057
19060
19063
19066
19078
19081
19087
19090
19093
19096
19099
19102
19108
19111
19114
19120
19123
19126
19129
19132
19141
19144
19156
19165
19168
19171
19177
19183
19186
19195
19201
19204
19207
19213
19228
19231
19234
19246
19249
19255
19258
19264
19276
19279
19282
19291
19294
19297
19303
19306
19309
19312
19315
19318
19321
19324
19327
19330
19339
19342
19345
19348
19390
19396
19426
19429
19435
19441
19447
19453
19459
19462
19465
19468
19471
19474
19477
19480
19489
19504
19510
19516
19522
19525
19528
19531
19534
19537
19540
19543
19546
19555
19558
19567
19570
19573
19576
19579
19585
19594
19597
19600
19606
19609
19612
19615
19618
19621
19624
19633
19636
19642
19648
19651
19654
19657
19663
19666
19669
19672
19675
19681
19684
19687
19690
19693
19696
19702
19708
19714
19717
19720
19723
19729
19732
19738
19744
19753
19756
19765
19768
19777
19780
19789
19792
19798
19801
19810
19816
19819
19825
19828
19831
19834
19837
19843
19846
19852
19855
19861
19873
19876
19879
19882
19885
19888
19891
19894
19897
19900
19915
19918
19921
19924
19927
19933
19936
19975
19981
19984
19987
19996
20011
20014
20017
20023
20029
20032
20035
20038
20041
20044
20050
20059
20062
20065
20071
20074
20077
20080
20089
20092
20095
20107
20110
20113
20119
20122
20125
20128
20131
20134
20137
20143
20146
20149
20152
20155
20158
20170
20173
20182
20185
20188
20191
20197
20200
20203
20206
20209
20212
20215
20218
20227
20230
20233
20239
20242
20245
20248
20254
20257
20263
20269
20275
20278
20281
20290
20293
20296
20299
20302
20308
20311
20323
20329
20335
20344
20347
20350
20356
20359
20362
20365
20368
20371
20377
20380
20383
20386
20392
20395
20398
20401
20404
20419
20422
20425
20428
20434
20437
20443
20446
20449
20461
20464
20467
20470
20473
20476
20479
20482
20485
20491
20494
20497
20509
20512
20515
20518
20521
20524
20527
20530
20533
20536
20539
20545
20548
20551
20563
20572
20578
20581
20584
20602
20605
20608
20611
20614
20617
20620
20626
20629
20635
20641
20647
20659
20665
20671
20680
20686
20704
20707
20710
20713
20716
20719
20722
20731
20740
20743
20746
20749
20755
20758
20761
20767
20773
20785
20788
20791
20794
20797
20800
20806
20812
20815
20818
20821
20824
20827
20833
20836
20839
20842
20845
20848
20851
20854
20857
20860
20863
20866
20869
20875
20878
20884
20887
20890
20899
20902
20908
20911
20914
20917
20920
20923
20926
20929
20932
20935
20950
20953
20965
20971
20974
20977
20980
20983
20986
20989
20992
20995
20998
21001
21004
21007
21013
21022
21025
21028
21031
21034
21037
21046
21049
21052
21061
21067
21073
21076
21079
21082
21088
21091
21094
21100
21103
21109
21112
21115
21127
21130
21139
21151
21154
21157
21163
21172
21178
21190
21193
21196
21205
21208
21217
21220
21226
21229
21232
21238
21241
21244
21250
21256
21259
21265
21268
21283
21292
21295
21298
21301
21304
21307
21310
21313
21316
21319
21325
21328
21334
21340
21343
21346
21349
21355
21358
21361
21367
21370
21376
21382
21388
21391
21394
21397
21400
21403
21406
21418
21424
21427
21430
21445
21448
21451
21454
21457
21460
21463
21466
21469
21472
21475
21481
21484
21487
21499
21502
21505
21508
21511
21514
21520
21523
21532
21535
21541
21550
21556
21562
21565
21574
21577
21580
21583
21586
21595
21598
21601
21610
21616
21619
21622
21625
21628
21631
21637
21652
21655
21658
21661
21664
21667
21670
21673
21679
21682
21685
21703
21706
21715
21718
21721
21724
21742
21745
21748
21751
21763
21766
21769
21772
21775
21778
21781
21787
21793
21799
21802
21811
21814
21820
21823
21826
21829
21832
21835
21838
21841
21847
21850
21853
21856
21859
21862
21865
21871
21886
21889
21895
21901
21910
21916
21922
21928
21931
21934
21937
21943
21946
21949
21952
21955
21961
21964
21967
21970
21973
21976
21979
21982
21991
21994
21997
22000
22003
22015
22018
22024
22036
22039
22042
22045
22048
22051
22063
22072
22075
22078
22081
22084
22087
22102
22105
22114
22120
22123
22126
22129
22132
22135
22138
22144
22147
22150
22156
22177
22180
22186
22192
22195
22198
22201
22204
22207
22210
22216
22219
22228
22231
22237
22252
22255
22258
22264
22270
22273
22276
22282
22285
22288
22297
22300
22303
22306
22309
22315
22318
22321
22324
22327
22330
22333
22339
22345
22348
22351
22354
22357
22360
22363
22366
22369
22372
22387
22405
22411
22414
22420
22423
22429
22432
22435
22438
22441
22444
22453
22456
22459
22462
22468
22471
22477
22489
22492
22495
22498
22501
22504
22507
22510
22513
22516
22519
22522
22528
22534
22537
22540
22552
22558
22561
22564
22567
22570
22582
22585
22588
22594
22597
22603
22609
22612
22615
22618
22621
22624
22627
22630
22633
22636
22642
22651
22657
22660
22669
22672
22675
22681
22690
22699
22702
22708
22711
22714
22720
22723
22729
22732
22735
22738
22741
22744
22753
22765
22771
22774
22777
22783
22786
22789
22792
22795
22798
22801
22804
22813
22816
22822
22825
22828
22831
22834
22837
22840
22843
22846
22849
22852
22855
22858
22861
22864
22867
22870
22873
22876
22879
22882
22885
22888
22894
22897
22900
22903
22906
22909
22912
22918
22921
22924
22927
22933
22936
22939
22942
22948
22951
22954
22957
22960
22963
22966
22969
22972
22978
22981
22999
23002
23005
23008
23011
23023
23026
23038
23041
23047
23050
23053
23059
23062
23065
23068
23071
23080
23086
23089
23095
23098
23104
23107
23110
23113
23116
23125
23128
23149
23164
23167
23170
23176
23185
23191
23203
23206
23209
23212
23215
23221
23224
23230
23233
23245
23251
23254
23257
23260
23263
23266
23269
23272
23275
23278
23281
23284
23287
23293
23296
23299
23302
23305
23308
23311
23314
23317
23320
23323
23329
23332
23338
23344
23347
23350
23356
23362
23365
23374
23377
23380
23383
23386
23389
23392
23395
23401
23407
23410
23413
23419
23422
23428
23440
23443
23446
23452
23461
23464
23467
23473
23482
23491
23497
23500
23506
23509
23512
23515
23518
23521
23524
23527
23533
23542
23554
23575
23578
23581
23584
23587
23593
23596
23605
23608
23611
23617
23620
23623
23626
23629
23638
23641
23647
23650
23653
23656
23665
23668
23671
23674
23677
23680
23683
23686
23698
23701
23704
23707
23710
23713
23716
23719
23722
23725
23728
23731
23737
23743
23746
23749
23752
23758
23761
23764
23773
23776
23779
23782
23788
23791
23800
23812
23815
23818
23821
23824
23827
23833
23839
23842
23845
23848
23851
23860
23866
23872
23875
23878
23881
23890
23893
23896
23899
23902
23905
23914
23917
23929
23932
23935
23941
23944
23956
23965
23968
23971
23983
23986
23989
23992
23995
23998
24001
24004
24007
24019
24022
24025
24028
24031
24040
24043
24046
24049
24052
24055
24058
24061
24064
24067
24070
24076
24079
24082
24091
24097
24103
24106
24109
24112
24115
24118
24124
24127
24130
24133
24136
24139
24142
24145
24148
24151
24157
24160
24163
24172
24178
24181
24184
24187
24190
24193
24196
24199
24202
24223
24232
24235
24238
24241
24244
24247
24250
24253
24259
24265
24268
24280
24286
24289
24292
24295
24301
24304
24310
24313
24316
24319
24322
24331
24340
24343
24352
24358
24367
24370
24373
24376
24379
24382
24385
24388
24391
24394
24406
24409
24418
24424
24433
24436
24439
24442
24445
24448
24451
24460
24463
24469
24472
24478
24481
24484
24487
24499
24502
24511
24514
24520
24523
24529
24535
24544
24547
24550
24553
24556
24559
24565
24571
24577
24580
24583
24589
24592
24595
24598
24601
24604
24607
24613
24616
24628
24634
24637
24640
24643
24649
24655
24667
24670
24679
24688
24694
24697
24700
24703
24712
24715
24718
24727
24730
24733
24739
24742
24745
24748
24757
24760
24763
24766
24769
24772
24778
24781
24784
24787
24790
24793
24796
24805
24808
24811
24814
24820
24823
24829
24841
24844
24847
24850
24856
24859
24877
24880
24883
24886
24889
24898
24910
24916
24919
24928
24934
24937
24940
24943
24949
24958
24970
24973
24976
24979
24982
24985
24991
24997
25000
25003
25006
25009
